data/raster_test2.txt
ncols         280
nrows         240
xllcorner     665988
yllcorner     140988
cellsize      25
NODATA_value  -9999
[rows 114 to 151 of 240, columns 168 to 251 of 280]
2699 2708 2722 2753 2803 2828 2820 2812 2801 2783 2770 2756 2745 2735 2732 2727 2724 2718 2709 2702 2695 2687 2679 2675 2672 2663 2659 2655 2659 2661 2641 2609 2568 2525 2518 2493 2465 2445 2433 2419 2405 2374 2333 2311 2289 2273 2251 2220 2195 2175 2166 2157 2150 2141 2135 2130 2125 2120 2116 2113 2110 2109 2110 2110 2111 2113 2116 2119 2123 2127 2131 2136 2139 2142 2149 2160 2172 2185 2189 2211 2233 2251 2265 2274
2713 2720 2740 2777 2827 2845 2837 2827 2818 2804 2787 2772 2756 2745 2739 2735 2728 2723 2714 2704 2695 2687 2680 2677 2674 2667 2664 2661 2663 2663 2640 2603 2562 2560 2532 2500 2477 2448 2426 2415 2402 2383 2351 2324 2304 2262 2238 2217 2196 2175 2164 2156 2148 2142 2135 2130 2125 2120 2116 2112 2109 2108 2108 2108 2109 2110 2113 2116 2119 2122 2126 2131 2134 2138 2147 2158 2169 2175 2187 2207 2223 2241 2255 2260
2726 2734 2756 2804 2850 2863 2854 2843 2831 2817 2804 2784 2768 2756 2747 2739 2736 2725 2715 2705 2697 2690 2683 2678 2675 2671 2670 2669 2668 2661 2635 2590 2588 2572 2538 2515 2494 2460 2428 2409 2392 2378 2350 2328 2304 2284 2246 2218 2194 2174 2159 2153 2147 2140 2135 2130 2125 2119 2116 2112 2109 2108 2107 2107 2107 2108 2110 2113 2116 2118 2122 2127 2129 2137 2146 2154 2163 2168 2178 2193 2209 2225 2235 2242
2742 2750 2782 2835 2881 2884 2872 2858 2843 2829 2810 2792 2775 2762 2754 2747 2738 2725 2718 2710 2701 2694 2687 2681 2678 2677 2676 2673 2662 2647 2620 2616 2602 2573 2552 2522 2499 2468 2437 2413 2385 2363 2347 2328 2309 2282 2243 2219 2196 2177 2165 2158 2151 2143 2135 2130 2124 2119 2116 2111 2109 2108 2107 2106 2106 2107 2108 2110 2112 2115 2119 2123 2129 2136 2143 2151 2157 2160 2167 2178 2192 2207 2217 2225
2758 2770 2810 2863 2908 2904 2885 2868 2852 2832 2810 2793 2778 2768 2759 2748 2737 2728 2720 2712 2706 2699 2693 2688 2685 2683 2679 2673 2664 2647 2642 2629 2601 2582 2549 2519 2496 2462 2435 2412 2390 2348 2336 2322 2301 2263 2237 2219 2201 2185 2172 2162 2152 2144 2136 2131 2125 2119 2114 2110 2108 2107 2106 2105 2104 2105 2107 2109 2112 2114 2117 2121 2127 2133 2139 2145 2151 2153 2157 2165 2177 2197 2202 2207
2773 2787 2841 2891 2929 2913 2894 2875 2849 2824 2807 2791 2778 2769 2761 2749 2740 2733 2725 2718 2710 2705 2700 2695 2692 2686 2681 2673 2665 2663 2654 2629 2603 2576 2550 2518 2497 2474 2453 2424 2394 2346 2313 2303 2276 2249 2230 2217 2206 2186 2172 2160 2151 2142 2135 2129 2123 2118 2114 2109 2108 2107 2106 2105 2104 2104 2105 2108 2110 2112 2115 2118 2123 2129 2135 2139 2143 2147 2149 2155 2167 2183 2184 2200
2794 2812 2865 2930 2938 2917 2899 2876 2851 2826 2807 2793 2780 2772 2764 2756 2748 2739 2730 2724 2719 2712 2707 2700 2693 2687 2682 2678 2675 2672 2666 2631 2622 2592 2553 2534 2501 2477 2446 2411 2380 2337 2315 2294 2278 2272 2257 2240 2218 2190 2167 2155 2147 2138 2132 2126 2120 2114 2110 2109 2109 2108 2106 2105 2103 2102 2104 2106 2108 2110 2113 2116 2119 2125 2130 2134 2137 2139 2139 2147 2156 2166 2179 2204
2812 2846 2899 2938 2943 2918 2897 2873 2851 2830 2810 2795 2785 2777 2771 2763 2754 2743 2737 2733 2727 2718 2709 2700 2693 2690 2684 2678 2671 2666 2655 2644 2622 2600 2581 2535 2506 2478 2439 2410 2380 2353 2346 2330 2293 2271 2253 2231 2211 2193 2170 2155 2143 2135 2129 2123 2118 2113 2109 2108 2107 2107 2106 2105 2103 2102 2102 2104 2105 2107 2110 2114 2117 2120 2125 2129 2131 2132 2135 2140 2149 2157 2175 2194
2834 2882 2926 2962 2943 2918 2896 2874 2845 2828 2811 2799 2791 2785 2777 2766 2755 2749 2745 2741 2732 2720 2711 2702 2697 2690 2678 2667 2662 2646 2630 2621 2614 2607 2582 2538 2511 2476 2451 2419 2406 2389 2372 2341 2304 2285 2243 2220 2198 2184 2170 2153 2143 2135 2128 2120 2117 2114 2110 2108 2106 2105 2104 2104 2103 2102 2100 2101 2102 2104 2108 2111 2114 2117 2120 2123 2125 2126 2130 2134 2141 2149 2162 2177
2856 2899 2961 2964 2945 2918 2895 2873 2849 2833 2819 2808 2801 2790 2778 2769 2762 2757 2751 2744 2734 2724 2717 2707 2694 2679 2662 2650 2639 2627 2607 2597 2588 2579 2565 2546 2511 2503 2475 2441 2411 2380 2355 2335 2320 2294 2268 2238 2216 2200 2175 2154 2138 2129 2121 2118 2115 2113 2111 2109 2107 2106 2104 2103 2101 2100 2100 2099 2099 2101 2105 2108 2111 2114 2116 2118 2119 2121 2123 2124 2131 2142 2155 2170
2889 2910 2956 2968 2948 2923 2900 2876 2857 2841 2828 2816 2805 2794 2781 2774 2769 2761 2752 2743 2737 2725 2716 2704 2689 2669 2648 2634 2622 2610 2594 2579 2567 2558 2545 2535 2515 2493 2471 2445 2418 2385 2358 2331 2314 2295 2271 2251 2231 2204 2177 2157 2142 2131 2120 2118 2116 2114 2112 2109 2108 2106 2104 2103 2101 2099 2099 2099 2098 2099 2102 2106 2108 2111 2113 2114 2115 2116 2117 2118 2124 2136 2149 2162
2931 2956 2991 2972 2951 2929 2906 2883 2866 2851 2835 2821 2809 2797 2787 2779 2770 2761 2755 2749 2740 2727 2716 2702 2687 2660 2633 2618 2609 2596 2583 2567 2552 2541 2528 2515 2502 2480 2461 2441 2418 2391 2364 2343 2322 2298 2273 2252 2231 2204 2179 2160 2138 2133 2126 2120 2117 2116 2114 2109 2107 2106 2104 2103 2101 2100 2099 2098 2097 2098 2099 2103 2105 2107 2109 2110 2112 2112 2112 2113 2118 2127 2136 2150
2966 2998 3002 2980 2956 2939 2920 2899 2880 2858 2841 2827 2814 2803 2793 2784 2776 2769 2761 2751 2740 2727 2710 2695 2680 2651 2624 2604 2594 2584 2571 2556 2541 2528 2515 2497 2484 2468 2455 2434 2411 2388 2365 2345 2326 2299 2269 2247 2226 2204 2179 2149 2137 2132 2126 2122 2120 2121 2118 2109 2108 2107 2105 2104 2102 2100 2099 2098 2097 2097 2098 2099 2101 2103 2105 2107 2108 2108 2107 2107 2112 2118 2128 2141
3000 3020 3004 2984 2966 2948 2932 2912 2887 2866 2849 2834 2821 2810 2800 2791 2782 2773 2764 2753 2740 2726 2703 2684 2661 2637 2617 2598 2586 2573 2560 2544 2530 2516 2501 2484 2470 2457 2443 2426 2407 2378 2358 2343 2326 2299 2262 2237 2216 2197 2173 2147 2137 2136 2135 2135 2136 2135 2125 2115 2109 2107 2106 2104 2103 2101 2100 2099 2098 2096 2097 2098 2099 2099 2101 2103 2104 2104 2103 2102 2106 2113 2122 2134
3006 3023 3015 3001 2985 2967 2944 2918 2894 2876 2860 2847 2832 2819 2809 2799 2788 2778 2767 2754 2740 2723 2704 2667 2641 2624 2606 2593 2579 2565 2550 2534 2518 2503 2490 2474 2458 2445 2431 2417 2400 2371 2351 2336 2319 2293 2247 2213 2199 2179 2162 2148 2144 2147 2149 2148 2147 2138 2127 2117 2109 2108 2106 2105 2104 2103 2102 2100 2098 2097 2095 2096 2097 2098 2099 2099 2100 2099 2099 2099 2102 2110 2119 2131
3025 3017 3008 2995 2979 2961 2942 2925 2908 2894 2879 2862 2845 2831 2818 2809 2796 2784 2767 2754 2737 2710 2682 2659 2636 2620 2603 2587 2572 2557 2541 2525 2507 2489 2476 2463 2447 2433 2420 2403 2388 2361 2342 2328 2309 2274 2236 2209 2185 2172 2158 2155 2154 2159 2161 2159 2154 2140 2126 2117 2111 2108 2107 2106 2105 2104 2103 2100 2098 2097 2096 2094 2095 2096 2097 2098 2098 2097 2097 2097 2099 2108 2117 2128
3008 3004 2995 2980 2965 2949 2931 2911 2896 2882 2873 2863 2851 2842 2831 2823 2810 2790 2765 2746 2725 2696 2667 2647 2631 2616 2601 2585 2569 2553 2535 2516 2498 2478 2463 2451 2436 2426 2414 2396 2377 2358 2335 2318 2302 2259 2227 2205 2185 2183 2173 2170 2166 2169 2171 2170 2160 2144 2134 2127 2120 2109 2108 2108 2107 2106 2103 2100 2098 2097 2096 2095 2093 2094 2095 2096 2096 2096 2095 2097 2099 2107 2115 2123
2990 2985 2976 2965 2952 2935 2915 2896 2881 2867 2860 2847 2838 2830 2824 2818 2808 2793 2763 2740 2713 2686 2662 2633 2617 2608 2594 2578 2562 2547 2528 2508 2487 2469 2453 2438 2424 2413 2405 2391 2375 2358 2333 2313 2289 2248 2224 2206 2203 2202 2189 2190 2180 2179 2183 2175 2163 2153 2145 2134 2120 2114 2111 2110 2108 2103 2099 2098 2098 2096 2095 2094 2093 2092 2093 2094 2095 2094 2093 2097 2100 2106 2112 2118
2973 2968 2962 2953 2939 2921 2893 2878 2860 2847 2839 2832 2823 2817 2810 2803 2796 2786 2762 2733 2707 2681 2659 2628 2607 2594 2585 2572 2558 2543 2524 2502 2480 2461 2447 2430 2411 2401 2393 2381 2365 2347 2325 2310 2286 2250 2231 2215 2220 2214 2206 2204 2199 2200 2194 2181 2173 2164 2158 2133 2121 2120 2118 2114 2108 2103 2103 2100 2098 2096 2095 2094 2093 2092 2092 2092 2093 2092 2092 2097 2100 2106 2111 2117
2954 2952 2946 2936 2922 2901 2873 2850 2831 2820 2810 2807 2805 2801 2791 2782 2776 2770 2762 2734 2709 2681 2654 2626 2599 2582 2575 2566 2553 2538 2518 2494 2469 2451 2437 2420 2406 2390 2375 2365 2355 2337 2324 2307 2286 2263 2238 2243 2240 2232 2231 2226 2223 2217 2204 2194 2184 2175 2161 2137 2131 2127 2121 2115 2109 2108 2107 2103 2099 2097 2096 2095 2094 2092 2091 2091 2091 2089 2092 2096 2100 2105 2110 2114
2938 2935 2929 2919 2908 2884 2851 2827 2807 2794 2786 2780 2774 2773 2768 2762 2757 2753 2746 2732 2717 2688 2658 2631 2598 2577 2557 2556 2544 2530 2512 2488 2460 2436 2424 2414 2396 2381 2367 2351 2347 2334 2322 2300 2278 2256 2260 2262 2258 2252 2248 2245 2239 2226 2216 2204 2194 2183 2169 2152 2136 2130 2124 2119 2116 2114 2115 2113 2105 2099 2098 2097 2096 2095 2093 2090 2090 2089 2089 2092 2097 2101 2106 2110
2919 2918 2912 2903 2893 2860 2828 2805 2788 2775 2761 2752 2747 2747 2742 2732 2727 2727 2720 2707 2690 2688 2661 2631 2597 2574 2555 2535 2531 2521 2504 2482 2456 2429 2408 2404 2390 2375 2362 2342 2332 2319 2310 2288 2271 2272 2280 2275 2273 2269 2263 2254 2244 2236 2227 2216 2203 2188 2169 2151 2143 2138 2135 2132 2128 2131 2130 2125 2118 2112 2107 2103 2099 2098 2097 2095 2092 2089 2088 2088 2090 2096 2101 2106
2899 2899 2895 2888 2873 2845 2814 2792 2770 2752 2743 2737 2726 2725 2718 2708 2701 2697 2694 2681 2667 2666 2645 2616 2591 2571 2551 2530 2513 2508 2495 2472 2448 2422 2402 2391 2379 2369 2360 2355 2343 2324 2297 2285 2285 2289 2292 2289 2286 2278 2268 2260 2254 2248 2236 2225 2205 2185 2168 2158 2153 2153 2153 2150 2155 2152 2147 2143 2138 2132 2128 2123 2120 2120 2119 2114 2110 2106 2100 2089 2086 2087 2093 2100
2879 2880 2878 2871 2861 2836 2803 2775 2756 2739 2725 2725 2709 2707 2702 2694 2681 2670 2665 2659 2648 2634 2622 2602 2585 2567 2548 2525 2502 2492 2481 2459 2434 2416 2401 2386 2376 2372 2369 2361 2343 2313 2298 2299 2304 2307 2307 2303 2297 2285 2276 2270 2265 2260 2245 2219 2202 2186 2178 2173 2173 2188 2180 2181 2171 2167 2164 2162 2158 2154 2149 2147 2145 2145 2144 2138 2133 2125 2113 2102 2094 2089 2083 2089
2858 2861 2860 2854 2845 2825 2789 2764 2745 2725 2710 2710 2701 2687 2685 2676 2667 2655 2644 2643 2632 2618 2603 2594 2579 2560 2543 2522 2500 2472 2461 2441 2423 2407 2393 2388 2384 2380 2376 2365 2337 2313 2321 2322 2326 2324 2319 2312 2304 2295 2287 2282 2278 2261 2235 2215 2203 2201 2197 2210 2219 2210 2203 2194 2189 2184 2181 2179 2176 2173 2170 2166 2167 2167 2166 2162 2150 2130 2114 2106 2102 2098 2088 2083
2835 2841 2841 2836 2829 2817 2777 2757 2738 2718 2698 2692 2688 2679 2666 2661 2652 2643 2630 2619 2614 2605 2592 2581 2570 2554 2539 2520 2494 2467 2439 2428 2415 2405 2398 2390 2384 2380 2366 2349 2329 2332 2339 2344 2342 2337 2330 2319 2310 2305 2300 2293 2277 2255 2236 2223 2219 2227 2242 2236 2233 2226 2216 2216 2221 2218 2201 2196 2197 2194 2191 2189 2189 2180 2166 2155 2140 2122 2110 2106 2105 2102 2100 2091
2820 2820 2820 2819 2812 2802 2768 2748 2730 2711 2692 2677 2674 2668 2659 2645 2638 2629 2618 2604 2600 2590 2581 2568 2558 2547 2535 2517 2489 2461 2440 2426 2415 2406 2398 2386 2373 2359 2349 2346 2348 2358 2360 2360 2356 2348 2336 2323 2315 2315 2312 2299 2279 2276 2257 2269 2264 2265 2260 2254 2248 2243 2243 2243 2238 2228 2220 2220 2220 2216 2213 2217 2201 2182 2165 2149 2132 2119 2112 2106 2100 2097 2094 2091
2801 2801 2801 2799 2795 2784 2763 2735 2717 2700 2683 2669 2659 2653 2646 2636 2625 2616 2605 2593 2584 2574 2565 2556 2546 2536 2525 2506 2481 2460 2440 2426 2416 2405 2391 2377 2361 2361 2365 2369 2373 2374 2376 2373 2362 2346 2335 2332 2330 2325 2321 2314 2303 2277 2291 2292 2284 2279 2275 2271 2270 2278 2268 2259 2254 2247 2240 2242 2244 2239 2232 2222 2205 2187 2172 2159 2140 2127 2117 2108 2103 2099 2096 2093
2775 2777 2783 2781 2777 2768 2752 2725 2702 2683 2672 2660 2649 2639 2631 2626 2615 2605 2595 2583 2569 2557 2550 2542 2533 2526 2512 2489 2471 2456 2454 2448 2424 2407 2388 2376 2367 2379 2384 2386 2393 2394 2391 2377 2362 2357 2352 2344 2335 2323 2319 2306 2301 2304 2306 2307 2302 2296 2298 2302 2302 2289 2284 2277 2277 2275 2263 2263 2265 2260 2243 2228 2212 2196 2182 2169 2154 2133 2120 2110 2100 2097 2094 2093
2748 2751 2760 2763 2759 2751 2738 2710 2689 2670 2660 2649 2638 2627 2617 2612 2604 2594 2584 2573 2557 2542 2535 2526 2518 2511 2499 2484 2473 2471 2465 2442 2417 2401 2392 2393 2375 2389 2396 2399 2403 2404 2400 2387 2382 2371 2357 2341 2328 2318 2313 2314 2317 2318 2318 2319 2320 2323 2323 2313 2305 2302 2302 2302 2301 2298 2286 2286 2277 2266 2251 2235 2221 2206 2192 2178 2160 2137 2123 2112 2105 2097 2092 2088
2731 2730 2733 2734 2734 2730 2715 2695 2676 2659 2647 2638 2627 2616 2602 2596 2592 2582 2571 2559 2545 2530 2520 2514 2505 2498 2493 2488 2484 2480 2458 2432 2417 2401 2404 2395 2382 2402 2406 2408 2411 2408 2404 2401 2392 2379 2360 2337 2332 2325 2326 2327 2329 2328 2330 2330 2337 2338 2328 2317 2313 2314 2314 2313 2309 2307 2300 2291 2282 2271 2258 2237 2225 2210 2196 2183 2163 2144 2129 2119 2111 2101 2093 2085
2712 2711 2710 2711 2709 2706 2694 2677 2663 2649 2634 2625 2614 2602 2589 2578 2576 2567 2557 2542 2529 2519 2513 2507 2499 2489 2482 2476 2467 2456 2439 2422 2415 2408 2400 2386 2396 2407 2414 2417 2416 2412 2407 2402 2393 2381 2367 2349 2339 2339 2341 2343 2340 2339 2339 2343 2347 2342 2333 2323 2325 2328 2328 2325 2318 2311 2304 2296 2286 2274 2261 2242 2225 2208 2194 2181 2166 2151 2137 2128 2117 2105 2095 2083
2693 2693 2692 2691 2689 2684 2675 2663 2650 2637 2626 2614 2602 2589 2577 2561 2555 2551 2540 2528 2518 2511 2506 2502 2492 2481 2465 2456 2446 2435 2423 2418 2412 2406 2401 2397 2406 2414 2420 2421 2419 2412 2405 2399 2391 2383 2371 2360 2360 2360 2357 2355 2352 2354 2355 2358 2349 2340 2335 2337 2339 2343 2344 2335 2324 2315 2311 2302 2292 2277 2262 2245 2230 2213 2203 2192 2175 2165 2149 2136 2122 2109 2096 2083
2680 2678 2673 2672 2671 2666 2659 2646 2637 2625 2614 2602 2589 2575 2561 2547 2533 2531 2522 2516 2511 2506 2497 2492 2483 2467 2452 2440 2435 2431 2428 2425 2416 2412 2404 2404 2415 2420 2422 2423 2419 2418 2410 2402 2398 2392 2386 2380 2375 2371 2369 2364 2365 2368 2366 2356 2347 2343 2346 2350 2353 2357 2354 2349 2342 2339 2319 2318 2315 2296 2286 2266 2254 2245 2230 2216 2202 2188 2174 2158 2141 2123 2106 2087
2665 2665 2659 2655 2653 2651 2643 2634 2623 2612 2597 2580 2568 2555 2540 2530 2518 2513 2513 2507 2503 2499 2490 2480 2471 2459 2444 2439 2438 2440 2437 2431 2422 2418 2420 2408 2420 2422 2424 2426 2424 2420 2417 2413 2408 2404 2397 2389 2384 2381 2381 2381 2381 2376 2365 2357 2357 2357 2362 2367 2373 2378 2380 2379 2360 2354 2344 2356 2344 2331 2320 2302 2283 2256 2236 2221 2204 2190 2178 2168 2158 2135 2117 2096
2643 2651 2646 2638 2636 2635 2628 2619 2608 2598 2574 2559 2545 2535 2520 2515 2511 2503 2503 2502 2492 2485 2478 2467 2458 2449 2443 2444 2444 2446 2444 2438 2432 2425 2417 2411 2420 2423 2426 2428 2427 2428 2426 2423 2417 2413 2404 2396 2394 2394 2395 2391 2388 2376 2375 2371 2372 2380 2385 2392 2401 2416 2417 2404 2387 2377 2371 2361 2351 2341 2325 2306 2283 2255 2235 2218 2206 2195 2186 2172 2155 2131 2112 2095
2619 2634 2633 2623 2614 2612 2609 2601 2590 2577 2551 2537 2524 2514 2508 2505 2501 2492 2490 2489 2482 2473 2465 2457 2451 2447 2448 2450 2450 2452 2452 2449 2435 2425 2420 2419 2418 2420 2425 2431 2435 2437 2433 2432 2426 2419 2413 2406 2406 2406 2402 2397 2392 2392 2394 2396 2400 2403 2409 2424 2441 2440 2426 2413 2405 2391 2376 2363 2352 2341 2323 2298 2275 2254 2235 2223 2212 2198 2186 2170 2146 2127 2105 2080
2596 2609 2618 2608 2594 2593 2590 2581 2570 2550 2531 2517 2510 2499 2491 2487 2484 2479 2477 2476 2472 2465 2458 2452 2452 2453 2454 2455 2456 2459 2460 2459 2440 2426 2426 2427 2429 2424 2432 2441 2443 2443 2441 2439 2434 2426 2424 2419 2417 2415 2410 2409 2402 2415 2420 2420 2420 2431 2445 2460 2454 2448 2435 2422 2405 2390 2376 2358 2343 2327 2306 2284 2267 2255 2244 2229 2212 2196 2182 2162 2138 2118 2099 2078
