data/raster_test2.txt
ncols         280
nrows         240
xllcorner     665988
yllcorner     140988
cellsize      25
NODATA_value  -9999
[rows 152 to 189 of 240, columns 0 to 83 of 280]
2787 2787 2784 2784 2790 2779 2783 2785 2792 2802 2811 2819 2829 2836 2842 2847 2856 2864 2867 2869 2873 2876 2884 2894 2906 2917 2925 2929 2933 2940 2957 2971 2977 2986 2999 3009 3018 3030 3044 3058 3079 3100 3122 3139 3133 3125 3120 3114 3108 3101 3097 3089 3079 3077 3075 3072 3070 3067 3065 3062 3060 3056 3053 3050 3047 3044 3041 3037 3034 3031 3028 3025 3022 3019 3016 3013 3010 3008 3005 3002 3000 2997 2994 2991
2767 2766 2762 2761 2760 2757 2761 2769 2777 2788 2799 2807 2814 2822 2829 2840 2847 2851 2854 2856 2860 2869 2887 2901 2913 2922 2922 2921 2928 2938 2948 2957 2965 2980 2993 3005 3014 3024 3039 3058 3086 3108 3128 3132 3129 3127 3123 3119 3108 3103 3096 3084 3078 3076 3074 3072 3070 3067 3065 3062 3059 3056 3053 3050 3046 3043 3040 3037 3033 3030 3027 3024 3021 3018 3016 3014 3011 3008 3006 3003 3000 2998 2995 2992
2732 2740 2743 2732 2733 2738 2746 2753 2762 2773 2786 2795 2802 2809 2816 2825 2833 2839 2842 2846 2853 2865 2885 2898 2907 2912 2913 2910 2916 2923 2937 2949 2961 2975 2992 3005 3014 3027 3043 3057 3101 3120 3123 3125 3124 3122 3118 3110 3101 3095 3087 3079 3076 3074 3072 3070 3068 3067 3064 3062 3060 3056 3053 3050 3046 3043 3039 3036 3033 3029 3026 3022 3019 3017 3015 3013 3011 3009 3006 3004 3001 2999 2996 2993
2701 2706 2708 2710 2713 2720 2730 2740 2748 2759 2771 2780 2788 2795 2802 2811 2821 2828 2835 2846 2857 2870 2882 2889 2890 2894 2899 2900 2907 2918 2933 2945 2956 2971 2991 3005 3016 3031 3049 3063 3082 3109 3114 3117 3117 3113 3107 3098 3091 3085 3079 3076 3073 3072 3070 3068 3066 3065 3063 3062 3059 3056 3052 3049 3045 3042 3038 3035 3032 3029 3025 3022 3019 3017 3015 3012 3010 3008 3006 3004 3002 3000 2997 2994
2674 2678 2686 2692 2700 2707 2714 2724 2735 2746 2756 2764 2774 2784 2797 2807 2819 2830 2839 2854 2867 2878 2877 2878 2879 2882 2887 2895 2903 2913 2927 2939 2951 2964 2981 3004 3015 3030 3049 3068 3088 3099 3100 3100 3100 3100 3094 3087 3081 3078 3076 3074 3073 3071 3069 3066 3065 3063 3062 3060 3058 3055 3051 3048 3044 3041 3037 3034 3031 3028 3025 3022 3019 3017 3015 3013 3010 3008 3006 3004 3002 3000 2998 2995
2653 2661 2668 2676 2685 2694 2703 2712 2721 2732 2744 2756 2773 2790 2802 2812 2822 2834 2849 2862 2864 2864 2866 2869 2872 2878 2884 2893 2902 2913 2929 2950 2961 2971 2987 3005 3017 3034 3054 3073 3090 3088 3085 3084 3085 3085 3080 3078 3077 3078 3078 3077 3076 3074 3071 3067 3064 3063 3061 3059 3056 3053 3050 3047 3043 3040 3037 3034 3030 3027 3024 3022 3019 3017 3015 3013 3011 3009 3007 3005 3003 3001 2999 2997
2639 2645 2651 2660 2670 2679 2689 2701 2716 2734 2751 2760 2777 2795 2811 2820 2831 2841 2851 2857 2856 2858 2859 2865 2870 2878 2885 2894 2904 2916 2937 2958 2967 2977 2994 3010 3025 3043 3066 3082 3087 3082 3077 3074 3074 3073 3073 3078 3080 3082 3084 3082 3080 3076 3072 3069 3065 3062 3060 3058 3055 3052 3049 3046 3043 3039 3036 3033 3030 3027 3025 3022 3020 3018 3016 3014 3012 3010 3008 3006 3004 3002 3000 2998
2621 2631 2637 2648 2661 2676 2692 2710 2726 2740 2769 2781 2786 2801 2816 2829 2839 2845 2850 2851 2852 2854 2858 2862 2869 2877 2885 2896 2908 2921 2934 2953 2966 2982 2999 3017 3036 3058 3081 3081 3077 3073 3068 3065 3069 3073 3078 3081 3083 3085 3087 3084 3079 3076 3073 3069 3066 3063 3060 3057 3054 3051 3048 3045 3042 3039 3036 3033 3030 3028 3025 3023 3021 3019 3017 3015 3013 3011 3009 3006 3005 3003 3001 3000
2611 2622 2636 2654 2673 2689 2706 2727 2744 2763 2780 2792 2799 2808 2818 2830 2839 2842 2844 2846 2850 2854 2858 2863 2871 2879 2890 2902 2915 2927 2940 2951 2965 2982 3004 3029 3051 3067 3071 3068 3064 3062 3064 3070 3074 3079 3082 3084 3086 3087 3085 3082 3078 3075 3072 3068 3065 3062 3059 3056 3054 3050 3047 3044 3041 3039 3036 3033 3031 3028 3026 3024 3022 3020 3018 3016 3013 3011 3009 3007 3006 3004 3002 3001
2609 2620 2635 2652 2666 2682 2699 2724 2739 2761 2775 2791 2807 2819 2827 2829 2831 2835 2841 2845 2850 2855 2859 2867 2877 2889 2896 2909 2923 2935 2946 2955 2967 2981 3000 3026 3047 3054 3057 3055 3053 3061 3069 3075 3080 3082 3084 3086 3088 3085 3083 3080 3077 3074 3071 3067 3064 3061 3058 3055 3053 3050 3048 3044 3041 3038 3036 3033 3031 3029 3027 3025 3023 3021 3018 3016 3014 3012 3010 3009 3007 3005 3003 3002
2617 2630 2641 2652 2664 2680 2696 2719 2740 2761 2775 2792 2808 2818 2819 2819 2825 2833 2840 2845 2851 2856 2862 2873 2884 2898 2907 2919 2931 2943 2955 2964 2974 2986 3000 3010 3018 3035 3042 3050 3060 3067 3073 3080 3082 3084 3086 3088 3086 3084 3082 3079 3076 3073 3070 3067 3063 3060 3057 3055 3052 3050 3047 3044 3042 3039 3036 3034 3032 3030 3028 3025 3023 3021 3019 3017 3015 3013 3011 3010 3008 3006 3004 3003
2625 2635 2650 2663 2682 2690 2707 2730 2754 2771 2784 2795 2808 2812 2813 2818 2825 2831 2835 2842 2850 2858 2868 2878 2891 2906 2919 2931 2940 2952 2965 2973 2983 2995 3006 3020 3030 3039 3050 3060 3066 3072 3079 3082 3084 3086 3088 3087 3085 3083 3080 3078 3075 3072 3069 3066 3063 3060 3057 3055 3052 3049 3047 3044 3042 3039 3037 3034 3032 3030 3028 3026 3023 3021 3019 3017 3016 3014 3012 3011 3009 3007 3006 3004
2639 2649 2659 2674 2689 2706 2720 2745 2762 2780 2792 2801 2806 2806 2810 2818 2820 2828 2836 2844 2854 2863 2873 2886 2902 2921 2938 2946 2953 2961 2974 2984 2995 3007 3019 3027 3041 3053 3062 3067 3072 3079 3082 3084 3086 3089 3087 3085 3084 3082 3079 3076 3073 3070 3067 3064 3062 3060 3057 3054 3052 3049 3047 3044 3042 3039 3036 3034 3032 3029 3027 3025 3024 3022 3020 3019 3017 3015 3013 3012 3010 3008 3007 3006
2654 2668 2680 2687 2695 2709 2728 2746 2763 2781 2799 2800 2800 2803 2807 2821 2826 2834 2841 2851 2860 2870 2880 2893 2909 2938 2955 2972 2976 2980 2989 2997 3008 3020 3032 3043 3057 3066 3070 3075 3080 3082 3083 3085 3088 3089 3088 3086 3084 3081 3078 3074 3071 3068 3065 3062 3060 3058 3056 3054 3052 3049 3047 3044 3041 3039 3036 3033 3031 3029 3028 3026 3025 3023 3021 3020 3018 3016 3015 3013 3011 3009 3008 3007
2662 2676 2683 2695 2709 2722 2737 2752 2766 2784 2790 2791 2793 2798 2806 2813 2823 2834 2844 2855 2867 2877 2889 2903 2918 2946 2974 2990 2996 2999 3007 3015 3026 3037 3047 3060 3068 3075 3079 3082 3085 3087 3087 3088 3089 3089 3088 3086 3083 3081 3077 3073 3068 3065 3063 3060 3058 3056 3054 3052 3051 3049 3046 3044 3041 3039 3036 3034 3032 3031 3029 3028 3026 3024 3022 3021 3019 3017 3015 3014 3012 3010 3010 3010
2640 2651 2671 2690 2708 2726 2746 2762 2775 2781 2782 2782 2788 2795 2804 2813 2822 2834 2847 2859 2873 2885 2899 2913 2930 2967 2998 3017 3023 3024 3030 3036 3044 3052 3062 3073 3080 3083 3086 3089 3091 3091 3092 3092 3092 3090 3088 3085 3083 3080 3076 3072 3067 3063 3060 3058 3056 3055 3053 3051 3049 3048 3045 3043 3041 3038 3036 3035 3033 3032 3030 3029 3027 3025 3023 3021 3019 3018 3016 3015 3013 3011 3012 3013
2638 2655 2672 2691 2711 2727 2745 2756 2758 2764 2772 2780 2789 2798 2808 2818 2829 2839 2853 2866 2880 2895 2910 2924 2941 2986 3020 3044 3049 3050 3053 3056 3066 3077 3083 3087 3090 3093 3094 3095 3098 3097 3097 3097 3095 3093 3090 3085 3082 3080 3075 3071 3067 3062 3059 3057 3055 3053 3052 3050 3048 3046 3045 3043 3041 3039 3038 3036 3035 3033 3031 3030 3028 3026 3024 3022 3020 3018 3017 3015 3013 3013 3014 3015
2639 2655 2669 2688 2711 2729 2741 2748 2757 2765 2774 2785 2796 2805 2814 2826 2838 2851 2865 2875 2890 2910 2923 2938 2958 3008 3035 3063 3079 3076 3082 3100 3097 3096 3098 3100 3101 3102 3103 3104 3103 3103 3102 3100 3097 3095 3092 3088 3084 3079 3074 3070 3065 3060 3058 3056 3055 3053 3051 3049 3048 3046 3044 3043 3041 3040 3039 3037 3036 3034 3032 3030 3028 3026 3024 3023 3020 3019 3017 3015 3014 3015 3016 3017
2633 2648 2662 2686 2706 2729 2740 2749 2759 2771 2781 2793 2803 2812 2822 2835 2848 2863 2883 2893 2911 2938 2947 2956 2980 3030 3063 3086 3104 3123 3132 3128 3124 3120 3116 3114 3112 3113 3111 3112 3109 3108 3107 3103 3100 3096 3092 3088 3083 3078 3072 3068 3063 3059 3058 3056 3054 3052 3051 3049 3047 3046 3045 3043 3042 3041 3040 3039 3037 3035 3033 3031 3029 3028 3026 3023 3021 3019 3017 3016 3016 3016 3017 3018
2643 2658 2670 2680 2706 2724 2741 2752 2764 2777 2790 2803 2813 2822 2834 2847 2860 2884 2903 2919 2944 2974 2989 2995 3017 3055 3084 3104 3130 3152 3155 3146 3140 3136 3133 3131 3127 3123 3122 3119 3115 3113 3110 3107 3103 3097 3092 3087 3082 3077 3072 3066 3061 3059 3057 3056 3054 3052 3051 3049 3048 3047 3046 3044 3043 3042 3041 3039 3038 3036 3034 3032 3030 3029 3026 3024 3021 3020 3019 3018 3017 3018 3019 3020
2661 2673 2691 2704 2713 2729 2746 2760 2772 2784 2799 2814 2825 2835 2847 2862 2881 2898 2930 2949 2975 3005 3026 3035 3052 3099 3097 3124 3149 3176 3167 3158 3155 3151 3147 3142 3137 3134 3131 3127 3121 3117 3114 3110 3105 3099 3093 3086 3081 3076 3071 3065 3060 3058 3057 3055 3054 3052 3051 3050 3049 3047 3046 3045 3043 3042 3041 3040 3039 3037 3035 3033 3032 3029 3027 3025 3024 3023 3020 3019 3019 3019 3021 3023
2679 2695 2707 2722 2723 2735 2748 2764 2780 2793 2808 2823 2839 2850 2863 2882 2898 2923 2948 2965 2999 3021 3039 3062 3082 3108 3137 3150 3170 3187 3182 3176 3171 3166 3159 3154 3148 3142 3138 3134 3128 3122 3117 3113 3107 3101 3093 3087 3080 3075 3070 3065 3061 3058 3057 3056 3054 3053 3052 3050 3049 3048 3046 3045 3044 3043 3042 3041 3039 3038 3036 3035 3032 3031 3029 3028 3027 3026 3024 3022 3021 3022 3024 3026
2693 2709 2723 2736 2742 2748 2761 2774 2788 2802 2816 2832 2847 2861 2878 2894 2922 2944 2972 2989 3014 3035 3053 3072 3095 3121 3147 3171 3192 3200 3197 3192 3186 3180 3173 3164 3156 3150 3146 3142 3135 3129 3122 3115 3109 3102 3095 3087 3080 3076 3071 3066 3061 3059 3057 3056 3054 3053 3052 3051 3049 3048 3047 3046 3045 3044 3043 3041 3041 3039 3038 3036 3035 3034 3033 3032 3030 3029 3027 3026 3025 3026 3028 3030
2712 2725 2737 2750 2756 2764 2775 2786 2805 2817 2828 2841 2856 2871 2888 2904 2936 2958 2986 3005 3027 3047 3065 3084 3103 3129 3156 3183 3206 3214 3212 3205 3198 3192 3185 3177 3166 3158 3153 3148 3142 3135 3126 3118 3111 3104 3096 3088 3080 3075 3071 3067 3062 3059 3058 3056 3055 3054 3052 3051 3050 3049 3048 3047 3046 3045 3043 3043 3043 3042 3041 3039 3038 3037 3036 3035 3034 3033 3030 3029 3030 3030 3031 3033
2728 2742 2750 2764 2773 2782 2790 2802 2817 2831 2844 2855 2868 2886 2902 2923 2932 2958 2986 3011 3032 3053 3074 3092 3113 3139 3164 3191 3218 3228 3227 3218 3211 3204 3196 3187 3178 3168 3161 3155 3147 3140 3130 3119 3110 3103 3096 3088 3080 3076 3071 3067 3063 3059 3058 3057 3055 3054 3053 3052 3051 3050 3048 3048 3046 3045 3046 3046 3046 3045 3044 3044 3042 3041 3039 3038 3037 3036 3034 3034 3034 3035 3036 3037
2729 2747 2767 2785 2794 2800 2809 2818 2831 2844 2858 2875 2886 2898 2914 2938 2947 2962 2991 3020 3040 3061 3082 3103 3127 3151 3175 3200 3230 3243 3241 3233 3223 3214 3206 3197 3188 3177 3165 3156 3148 3141 3131 3120 3111 3102 3095 3089 3082 3076 3072 3068 3063 3059 3058 3057 3056 3054 3054 3052 3051 3050 3049 3048 3047 3048 3048 3049 3048 3048 3048 3047 3047 3046 3044 3042 3041 3039 3038 3038 3038 3039 3040 3041
2732 2757 2780 2800 2819 2827 2836 2842 2845 2859 2873 2890 2906 2918 2933 2942 2959 2976 2996 3017 3049 3071 3092 3114 3138 3159 3181 3203 3237 3257 3257 3249 3237 3226 3217 3210 3196 3177 3166 3156 3148 3140 3131 3120 3112 3103 3096 3089 3083 3078 3073 3069 3065 3061 3059 3057 3056 3055 3054 3053 3052 3051 3050 3049 3050 3050 3051 3052 3051 3051 3051 3051 3051 3050 3049 3047 3045 3046 3044 3044 3044 3045 3046 3047
2741 2758 2778 2806 2830 2846 2855 2863 2863 2870 2887 2901 2922 2937 2948 2960 2972 2990 3008 3019 3054 3077 3099 3123 3144 3164 3185 3209 3240 3272 3272 3264 3255 3244 3234 3221 3183 3171 3161 3155 3147 3138 3130 3120 3112 3104 3097 3090 3085 3080 3075 3071 3067 3063 3059 3058 3057 3056 3055 3054 3053 3052 3051 3052 3052 3053 3054 3054 3054 3054 3054 3054 3055 3055 3053 3052 3053 3053 3052 3052 3051 3051 3052 3053
2750 2774 2795 2810 2832 2852 2874 2882 2886 2890 2899 2914 2931 2949 2966 2982 2993 3008 3023 3041 3064 3086 3111 3132 3154 3176 3195 3221 3249 3280 3281 3280 3271 3259 3239 3199 3177 3168 3159 3152 3145 3137 3128 3120 3113 3105 3098 3093 3087 3082 3077 3073 3069 3065 3061 3059 3058 3057 3056 3055 3054 3053 3054 3055 3055 3056 3056 3057 3057 3057 3058 3058 3058 3059 3059 3060 3060 3060 3060 3059 3059 3058 3058 3059
2766 2798 2813 2830 2848 2868 2886 2902 2908 2915 2923 2936 2951 2967 2985 3000 3030 3033 3050 3057 3081 3103 3120 3144 3165 3186 3207 3231 3259 3281 3284 3281 3268 3249 3222 3187 3174 3165 3157 3149 3142 3135 3128 3120 3113 3107 3101 3096 3090 3086 3080 3076 3072 3068 3065 3061 3059 3058 3057 3056 3055 3056 3056 3057 3057 3058 3059 3060 3060 3061 3061 3062 3062 3063 3064 3065 3065 3065 3065 3064 3064 3063 3064 3066
2791 2813 2832 2846 2867 2885 2894 2915 2933 2940 2946 2957 2971 2988 2999 3031 3061 3063 3077 3082 3099 3116 3134 3156 3177 3193 3212 3235 3261 3284 3284 3277 3260 3240 3201 3179 3171 3163 3156 3149 3141 3134 3127 3120 3116 3110 3105 3100 3095 3090 3085 3079 3075 3072 3068 3064 3060 3059 3058 3058 3058 3058 3058 3059 3059 3060 3062 3063 3064 3065 3065 3066 3067 3068 3068 3069 3070 3070 3069 3069 3069 3069 3070 3072
2806 2827 2846 2864 2882 2903 2916 2938 2954 2963 2970 2977 2993 3005 3031 3055 3081 3091 3103 3107 3124 3137 3153 3167 3185 3202 3230 3254 3276 3290 3275 3259 3247 3224 3192 3176 3170 3163 3156 3149 3143 3138 3132 3127 3120 3115 3111 3105 3100 3095 3089 3084 3078 3074 3071 3067 3063 3060 3059 3059 3059 3060 3061 3061 3063 3064 3065 3067 3068 3069 3070 3071 3072 3072 3073 3074 3074 3074 3074 3074 3074 3075 3076 3078
2816 2837 2857 2877 2897 2917 2939 2957 2975 2986 2994 3001 3019 3033 3059 3085 3096 3108 3119 3129 3142 3156 3169 3184 3204 3220 3247 3273 3294 3280 3263 3248 3232 3209 3187 3176 3170 3164 3158 3153 3148 3143 3139 3133 3128 3121 3116 3111 3105 3100 3096 3090 3083 3078 3074 3070 3066 3064 3063 3061 3062 3063 3064 3065 3066 3067 3068 3070 3071 3073 3074 3075 3076 3076 3077 3078 3079 3079 3079 3079 3079 3080 3081 3083
2823 2845 2867 2888 2908 2930 2951 2973 2994 3006 3025 3039 3054 3066 3085 3107 3114 3126 3136 3148 3160 3172 3186 3204 3223 3247 3273 3301 3284 3270 3254 3241 3221 3205 3191 3179 3174 3168 3163 3159 3154 3150 3146 3140 3135 3129 3123 3117 3112 3107 3102 3095 3089 3082 3077 3073 3071 3068 3067 3065 3066 3067 3067 3068 3069 3070 3072 3073 3074 3076 3078 3079 3080 3080 3081 3082 3083 3084 3084 3084 3084 3085 3086 3087
2821 2847 2871 2894 2906 2928 2949 2969 2978 3000 3035 3059 3084 3104 3104 3125 3137 3147 3160 3170 3181 3194 3208 3228 3249 3273 3302 3289 3274 3261 3246 3230 3218 3207 3197 3187 3179 3174 3169 3165 3161 3157 3152 3147 3143 3137 3131 3126 3119 3114 3108 3101 3095 3087 3081 3078 3075 3073 3072 3070 3069 3070 3071 3071 3072 3074 3075 3076 3078 3079 3081 3083 3084 3085 3085 3086 3087 3088 3088 3088 3089 3090 3091 3092
2812 2837 2850 2869 2906 2922 2935 2944 2964 3002 3029 3050 3070 3085 3103 3120 3140 3163 3180 3192 3203 3216 3229 3250 3273 3309 3302 3276 3266 3255 3243 3232 3223 3214 3207 3200 3192 3182 3178 3174 3169 3164 3159 3154 3150 3145 3140 3135 3128 3121 3115 3108 3101 3094 3088 3083 3080 3078 3076 3074 3073 3074 3074 3074 3076 3077 3078 3080 3081 3083 3084 3086 3088 3089 3089 3090 3091 3092 3092 3093 3093 3094 3095 3096
2799 2799 2836 2865 2878 2896 2903 2929 2966 2987 3007 3032 3048 3062 3088 3116 3135 3158 3175 3197 3219 3236 3252 3272 3290 3298 3291 3273 3263 3253 3245 3240 3232 3225 3219 3212 3205 3197 3190 3183 3177 3173 3167 3163 3158 3154 3149 3144 3137 3130 3123 3116 3108 3100 3095 3090 3086 3083 3080 3078 3077 3077 3077 3077 3079 3080 3082 3084 3085 3087 3088 3089 3091 3092 3093 3094 3095 3096 3096 3097 3098 3099 3100 3101
2760 2803 2820 2831 2845 2862 2890 2910 2942 2974 2994 3007 3020 3046 3074 3100 3122 3149 3174 3203 3224 3237 3252 3258 3263 3268 3272 3268 3260 3255 3250 3245 3240 3233 3229 3223 3216 3209 3203 3196 3190 3184 3181 3178 3173 3166 3158 3153 3146 3139 3132 3124 3116 3108 3101 3095 3091 3088 3085 3082 3081 3080 3080 3081 3083 3084 3086 3088 3089 3091 3092 3093 3095 3096 3097 3098 3099 3100 3100 3101 3102 3102 3104 3106
