data/raster_test2.txt
ncols         280
nrows         240
xllcorner     665988
yllcorner     140988
cellsize      25
NODATA_value  -9999
[rows 76 to 113 of 240, columns 168 to 251 of 280]
2553 2551 2549 2547 2545 2543 2540 2538 2535 2531 2528 2524 2520 2516 2513 2509 2505 2501 2496 2489 2483 2479 2473 2469 2465 2462 2460 2455 2450 2444 2437 2431 2425 2419 2414 2408 2411 2417 2421 2425 2428 2435 2440 2441 2440 2430 2419 2411 2402 2397 2397 2396 2396 2400 2409 2418 2424 2426 2434 2441 2448 2454 2459 2470 2480 2491 2499 2509 2523 2540 2561 2572 2577 2583 2590 2596 2602 2603 2602 2602 2605 2609 2615 2624
2556 2554 2552 2550 2547 2545 2542 2540 2536 2532 2528 2524 2520 2516 2513 2509 2505 2502 2496 2490 2486 2482 2477 2473 2470 2467 2464 2459 2454 2446 2437 2430 2423 2419 2419 2412 2415 2419 2421 2424 2428 2436 2440 2441 2440 2431 2419 2413 2406 2404 2404 2404 2413 2422 2426 2428 2434 2435 2438 2443 2448 2453 2461 2470 2479 2490 2501 2511 2522 2538 2556 2571 2587 2593 2601 2606 2611 2614 2613 2614 2617 2622 2627 2637
2558 2556 2554 2552 2550 2547 2544 2541 2536 2531 2527 2523 2519 2516 2512 2509 2505 2502 2497 2493 2489 2485 2481 2478 2474 2472 2468 2463 2456 2447 2438 2429 2420 2419 2418 2416 2418 2418 2421 2425 2428 2436 2440 2440 2434 2424 2418 2417 2417 2417 2421 2429 2433 2437 2440 2440 2441 2442 2442 2443 2446 2449 2460 2470 2479 2488 2497 2507 2522 2536 2554 2576 2592 2603 2609 2616 2621 2624 2624 2628 2633 2637 2642 2651
2560 2558 2556 2554 2552 2549 2545 2541 2537 2532 2528 2523 2519 2516 2512 2509 2505 2502 2498 2494 2489 2486 2484 2481 2480 2476 2471 2464 2456 2446 2437 2430 2424 2419 2418 2417 2417 2417 2420 2422 2425 2432 2431 2429 2426 2434 2438 2441 2444 2445 2446 2447 2446 2444 2444 2444 2444 2448 2445 2443 2446 2448 2457 2467 2474 2481 2490 2504 2518 2531 2551 2577 2596 2607 2617 2626 2631 2636 2636 2640 2647 2656 2658 2662
2562 2560 2559 2556 2553 2550 2546 2542 2538 2534 2529 2524 2519 2516 2512 2509 2506 2502 2498 2494 2491 2489 2487 2485 2483 2479 2472 2464 2455 2444 2435 2430 2424 2420 2421 2421 2418 2417 2419 2422 2427 2427 2428 2430 2446 2452 2452 2451 2453 2459 2458 2452 2450 2449 2449 2449 2449 2450 2447 2446 2445 2448 2454 2463 2468 2475 2485 2497 2510 2523 2541 2571 2604 2620 2624 2634 2640 2644 2648 2650 2658 2664 2669 2675
2563 2562 2560 2558 2554 2551 2547 2543 2539 2534 2529 2524 2519 2516 2513 2509 2506 2502 2500 2496 2494 2492 2490 2488 2484 2480 2472 2463 2455 2445 2437 2434 2432 2431 2429 2425 2421 2419 2426 2434 2439 2445 2451 2461 2465 2466 2462 2456 2458 2461 2460 2459 2458 2456 2455 2452 2452 2454 2450 2449 2448 2448 2450 2456 2461 2470 2479 2491 2506 2519 2537 2567 2598 2620 2629 2640 2644 2647 2653 2657 2663 2670 2676 2684
2565 2563 2561 2559 2555 2552 2548 2543 2539 2534 2529 2524 2520 2516 2513 2509 2507 2504 2501 2499 2497 2495 2493 2489 2485 2481 2474 2465 2457 2449 2446 2439 2443 2440 2438 2433 2433 2438 2444 2450 2459 2462 2465 2468 2471 2467 2461 2456 2459 2459 2458 2460 2460 2459 2459 2457 2454 2456 2455 2456 2455 2451 2450 2454 2459 2468 2475 2486 2500 2516 2531 2549 2573 2604 2619 2626 2635 2643 2652 2657 2666 2674 2683 2696
2566 2564 2562 2560 2557 2552 2548 2543 2538 2534 2529 2525 2520 2517 2514 2511 2508 2505 2504 2502 2500 2498 2494 2490 2486 2482 2477 2469 2464 2457 2461 2461 2454 2453 2448 2448 2449 2451 2457 2461 2467 2470 2470 2467 2461 2458 2456 2453 2454 2451 2450 2450 2449 2449 2449 2451 2454 2458 2460 2460 2457 2457 2454 2454 2458 2464 2473 2484 2497 2509 2522 2541 2568 2605 2604 2609 2619 2652 2658 2663 2674 2682 2693 2709
2567 2565 2563 2560 2557 2552 2548 2543 2538 2534 2529 2525 2521 2518 2515 2512 2510 2508 2506 2504 2502 2499 2495 2491 2487 2483 2480 2474 2475 2471 2472 2468 2467 2459 2459 2463 2463 2464 2467 2471 2477 2474 2467 2459 2457 2454 2451 2448 2446 2439 2435 2435 2437 2439 2444 2450 2453 2456 2457 2456 2459 2458 2458 2458 2458 2463 2473 2481 2490 2503 2517 2534 2558 2582 2586 2602 2624 2651 2668 2673 2683 2693 2707 2720
2568 2565 2563 2560 2557 2552 2547 2543 2538 2534 2530 2526 2522 2519 2517 2514 2512 2510 2508 2505 2503 2500 2496 2492 2488 2485 2487 2487 2490 2487 2479 2478 2479 2480 2472 2474 2472 2475 2478 2483 2482 2472 2464 2454 2451 2449 2443 2436 2431 2423 2416 2418 2422 2426 2435 2443 2451 2451 2454 2450 2451 2457 2460 2465 2464 2466 2473 2477 2485 2498 2513 2526 2541 2558 2577 2599 2613 2633 2666 2687 2696 2710 2722 2730
2568 2565 2563 2560 2556 2552 2547 2542 2538 2534 2530 2527 2524 2521 2518 2516 2513 2511 2508 2506 2503 2501 2498 2494 2491 2495 2499 2503 2502 2497 2495 2497 2493 2487 2488 2481 2483 2487 2488 2486 2478 2471 2461 2453 2445 2438 2426 2419 2415 2411 2406 2406 2407 2413 2419 2431 2445 2450 2450 2450 2448 2450 2453 2460 2467 2473 2476 2479 2486 2494 2507 2520 2535 2551 2575 2588 2604 2633 2676 2694 2703 2714 2732 2741
2568 2565 2563 2560 2556 2551 2547 2542 2538 2535 2532 2529 2525 2522 2520 2517 2514 2512 2509 2507 2504 2501 2498 2494 2496 2501 2507 2509 2508 2508 2508 2507 2503 2501 2491 2491 2498 2496 2494 2486 2479 2468 2458 2450 2438 2424 2415 2407 2404 2400 2396 2395 2394 2401 2403 2414 2430 2439 2441 2445 2449 2449 2449 2460 2466 2469 2472 2476 2479 2489 2504 2516 2529 2545 2563 2580 2609 2636 2655 2676 2698 2707 2712 2727
2568 2565 2562 2560 2555 2551 2546 2542 2538 2535 2532 2529 2526 2523 2520 2518 2515 2512 2509 2506 2503 2500 2498 2498 2505 2509 2510 2515 2518 2519 2519 2516 2504 2497 2498 2501 2506 2501 2496 2491 2476 2464 2450 2441 2432 2421 2412 2400 2393 2389 2389 2385 2383 2387 2389 2399 2414 2427 2429 2437 2445 2450 2456 2460 2463 2466 2471 2473 2477 2482 2496 2509 2524 2539 2553 2577 2596 2622 2636 2652 2670 2688 2694 2709
2567 2565 2562 2559 2555 2551 2546 2542 2538 2535 2531 2528 2525 2522 2519 2517 2514 2511 2508 2505 2504 2503 2502 2504 2509 2514 2519 2523 2525 2527 2520 2509 2511 2511 2515 2511 2513 2508 2498 2490 2475 2458 2439 2431 2422 2413 2402 2397 2385 2376 2377 2380 2375 2376 2376 2383 2392 2407 2411 2419 2431 2440 2446 2454 2461 2463 2471 2479 2481 2486 2496 2505 2518 2531 2547 2569 2587 2602 2621 2635 2647 2669 2697 2706
2567 2564 2561 2558 2555 2551 2547 2542 2539 2535 2531 2528 2524 2521 2518 2515 2513 2510 2509 2510 2510 2510 2510 2511 2514 2518 2526 2531 2531 2523 2518 2520 2522 2525 2523 2521 2518 2501 2485 2480 2474 2461 2443 2426 2413 2401 2395 2389 2382 2373 2361 2364 2363 2365 2363 2362 2365 2377 2389 2404 2417 2426 2433 2440 2451 2461 2468 2475 2482 2487 2492 2498 2511 2526 2539 2556 2574 2600 2605 2616 2636 2661 2684 2698
2566 2564 2561 2558 2553 2550 2546 2542 2538 2535 2531 2528 2524 2520 2517 2515 2515 2514 2514 2515 2516 2516 2518 2520 2524 2529 2533 2538 2531 2529 2528 2530 2533 2534 2535 2527 2512 2494 2477 2466 2459 2451 2440 2427 2413 2401 2387 2383 2375 2368 2362 2352 2349 2350 2343 2342 2351 2360 2377 2391 2404 2411 2416 2420 2431 2441 2450 2460 2470 2481 2490 2499 2509 2521 2532 2558 2570 2588 2587 2602 2632 2660 2686 2695
2566 2564 2561 2557 2553 2548 2545 2541 2537 2534 2530 2527 2523 2519 2518 2518 2518 2518 2518 2520 2522 2527 2534 2534 2543 2549 2549 2543 2538 2539 2541 2542 2544 2546 2543 2526 2509 2487 2468 2456 2443 2436 2429 2418 2407 2398 2389 2376 2369 2362 2357 2350 2344 2335 2332 2329 2338 2347 2358 2376 2387 2394 2396 2402 2411 2420 2431 2444 2457 2473 2484 2492 2500 2511 2524 2538 2551 2563 2570 2603 2639 2668 2694 2704
2565 2563 2561 2557 2552 2548 2543 2540 2537 2533 2529 2526 2524 2523 2523 2523 2523 2524 2528 2530 2532 2538 2549 2554 2561 2562 2552 2550 2550 2551 2549 2553 2556 2560 2542 2522 2505 2482 2460 2445 2433 2425 2419 2410 2399 2391 2383 2378 2371 2364 2356 2350 2343 2337 2327 2319 2325 2333 2338 2353 2366 2375 2378 2382 2395 2406 2416 2430 2447 2462 2473 2479 2488 2500 2511 2522 2535 2544 2580 2623 2664 2690 2697 2699
2563 2561 2560 2556 2552 2547 2542 2538 2536 2533 2531 2530 2529 2530 2531 2532 2532 2535 2538 2539 2545 2555 2563 2568 2572 2560 2561 2563 2563 2561 2559 2564 2569 2557 2541 2520 2496 2474 2446 2426 2417 2414 2410 2404 2394 2383 2374 2368 2364 2360 2356 2350 2342 2334 2323 2316 2314 2317 2321 2333 2346 2357 2365 2371 2379 2393 2405 2419 2435 2448 2458 2462 2474 2487 2500 2509 2516 2523 2599 2619 2644 2660 2672 2678
2563 2561 2559 2555 2551 2546 2541 2538 2536 2535 2536 2535 2536 2537 2539 2540 2542 2545 2548 2551 2561 2570 2581 2583 2578 2574 2571 2569 2571 2570 2574 2578 2568 2553 2537 2516 2489 2461 2433 2413 2404 2402 2398 2393 2381 2371 2361 2357 2357 2354 2351 2348 2343 2336 2326 2318 2308 2301 2308 2318 2330 2343 2350 2361 2370 2378 2388 2406 2421 2432 2440 2445 2461 2473 2483 2492 2497 2514 2561 2600 2621 2633 2653 2659
2562 2561 2559 2555 2550 2545 2543 2540 2539 2539 2541 2542 2544 2545 2546 2548 2551 2554 2558 2566 2576 2587 2600 2599 2587 2585 2583 2577 2581 2583 2585 2578 2566 2551 2534 2510 2477 2450 2424 2405 2389 2385 2383 2379 2367 2358 2353 2349 2347 2343 2341 2339 2334 2328 2326 2322 2310 2299 2298 2305 2315 2327 2341 2351 2360 2366 2369 2382 2403 2414 2422 2427 2445 2456 2465 2473 2479 2496 2530 2562 2580 2607 2631 2636
2563 2561 2558 2554 2552 2550 2550 2547 2548 2549 2548 2550 2552 2553 2555 2557 2559 2566 2573 2581 2594 2607 2612 2600 2595 2589 2581 2586 2590 2590 2586 2579 2569 2552 2518 2493 2465 2438 2412 2395 2382 2373 2371 2367 2358 2351 2346 2341 2337 2327 2323 2323 2321 2319 2317 2316 2310 2299 2289 2293 2301 2314 2329 2340 2347 2347 2345 2358 2379 2392 2398 2413 2428 2439 2448 2454 2459 2482 2495 2517 2544 2572 2608 2614
2563 2561 2558 2558 2558 2557 2557 2558 2559 2559 2555 2557 2559 2562 2568 2573 2576 2583 2592 2599 2609 2613 2604 2602 2592 2585 2590 2597 2598 2592 2586 2580 2566 2553 2528 2479 2452 2427 2407 2391 2374 2363 2359 2356 2351 2345 2339 2329 2327 2321 2304 2302 2305 2306 2304 2304 2304 2297 2287 2282 2289 2300 2313 2323 2328 2331 2327 2335 2352 2368 2375 2402 2413 2423 2431 2435 2450 2466 2477 2491 2506 2534 2566 2587
2566 2566 2564 2566 2570 2569 2570 2568 2567 2568 2565 2568 2575 2579 2585 2595 2601 2605 2608 2615 2609 2599 2598 2592 2593 2597 2600 2600 2596 2591 2586 2580 2563 2550 2526 2475 2448 2424 2409 2391 2376 2362 2355 2348 2342 2333 2322 2314 2313 2304 2296 2287 2287 2290 2288 2291 2295 2300 2290 2281 2276 2285 2294 2302 2306 2312 2311 2313 2328 2343 2360 2384 2398 2407 2412 2419 2425 2445 2458 2473 2484 2496 2513 2530
2571 2569 2572 2578 2583 2584 2580 2577 2576 2576 2579 2586 2592 2598 2605 2611 2618 2620 2616 2605 2598 2595 2593 2596 2606 2606 2598 2593 2589 2587 2583 2575 2560 2546 2513 2502 2466 2420 2401 2387 2374 2362 2349 2340 2330 2315 2306 2297 2291 2284 2284 2275 2266 2270 2270 2280 2292 2288 2281 2273 2262 2270 2276 2282 2284 2288 2292 2294 2309 2319 2344 2367 2379 2389 2391 2406 2398 2425 2449 2460 2465 2476 2479 2489
2575 2575 2579 2589 2599 2594 2587 2588 2593 2594 2600 2606 2612 2619 2624 2628 2631 2617 2608 2599 2599 2597 2599 2602 2613 2602 2599 2590 2584 2579 2576 2568 2555 2543 2523 2486 2455 2421 2394 2377 2367 2356 2345 2329 2314 2300 2292 2285 2277 2272 2264 2258 2250 2251 2254 2255 2260 2255 2252 2249 2240 2251 2257 2261 2264 2266 2268 2276 2287 2294 2321 2345 2362 2365 2367 2382 2385 2419 2434 2442 2450 2459 2460 2467
2580 2585 2592 2601 2606 2598 2600 2604 2609 2616 2622 2628 2636 2640 2642 2639 2624 2614 2605 2604 2604 2603 2608 2611 2616 2610 2605 2600 2591 2579 2574 2562 2548 2538 2523 2503 2459 2432 2400 2370 2355 2342 2337 2328 2310 2298 2280 2275 2271 2263 2255 2247 2239 2234 2237 2236 2236 2235 2233 2226 2225 2230 2237 2241 2243 2245 2247 2254 2257 2274 2294 2314 2325 2329 2341 2358 2379 2404 2414 2422 2430 2436 2441 2448
2591 2598 2602 2607 2613 2611 2614 2617 2624 2631 2641 2647 2652 2652 2643 2635 2619 2612 2610 2610 2611 2612 2616 2621 2617 2607 2604 2604 2597 2587 2575 2561 2544 2525 2509 2483 2456 2429 2403 2376 2354 2338 2325 2321 2304 2280 2270 2265 2264 2258 2248 2239 2228 2221 2218 2216 2216 2214 2214 2209 2203 2208 2218 2223 2222 2221 2226 2233 2238 2257 2278 2286 2288 2304 2329 2329 2369 2385 2392 2397 2405 2414 2420 2426
2602 2608 2611 2614 2619 2626 2631 2636 2641 2646 2655 2663 2658 2648 2638 2627 2617 2614 2615 2617 2618 2622 2627 2626 2616 2607 2603 2596 2592 2585 2575 2558 2542 2517 2502 2484 2461 2436 2402 2363 2344 2334 2321 2307 2284 2275 2263 2257 2257 2251 2242 2230 2217 2207 2203 2201 2199 2196 2193 2191 2186 2197 2202 2202 2202 2199 2209 2214 2217 2238 2248 2253 2262 2297 2299 2325 2348 2363 2373 2380 2385 2391 2398 2407
2607 2615 2621 2627 2634 2642 2651 2655 2660 2665 2670 2670 2660 2647 2635 2626 2620 2620 2622 2627 2630 2635 2637 2627 2618 2617 2614 2607 2593 2581 2569 2555 2539 2523 2506 2487 2457 2419 2395 2402 2355 2325 2311 2302 2288 2276 2262 2251 2246 2242 2234 2223 2210 2198 2186 2183 2182 2178 2175 2172 2169 2176 2181 2183 2183 2183 2191 2193 2200 2217 2220 2236 2254 2263 2301 2316 2332 2341 2350 2355 2361 2368 2378 2389
2617 2625 2634 2643 2653 2664 2673 2677 2682 2686 2683 2670 2659 2647 2637 2635 2634 2637 2635 2638 2642 2643 2640 2630 2629 2627 2623 2613 2599 2581 2563 2548 2534 2522 2509 2492 2444 2425 2421 2400 2367 2328 2310 2299 2279 2268 2259 2245 2234 2230 2224 2212 2199 2188 2177 2169 2168 2164 2160 2156 2153 2159 2163 2164 2165 2167 2170 2178 2188 2200 2214 2225 2242 2265 2288 2304 2315 2320 2328 2331 2334 2344 2358 2371
2630 2640 2646 2657 2669 2680 2698 2703 2705 2701 2690 2672 2660 2655 2649 2648 2647 2649 2646 2649 2648 2644 2640 2640 2640 2636 2627 2617 2604 2588 2570 2550 2534 2518 2505 2480 2467 2447 2417 2387 2357 2337 2320 2301 2284 2268 2252 2239 2223 2217 2210 2199 2187 2177 2167 2159 2154 2151 2147 2139 2139 2144 2147 2147 2149 2158 2163 2174 2183 2194 2205 2209 2223 2249 2282 2294 2300 2300 2300 2300 2313 2329 2343 2358
2642 2650 2657 2669 2681 2697 2715 2721 2716 2710 2690 2676 2670 2668 2664 2663 2663 2660 2657 2654 2650 2647 2644 2645 2645 2638 2630 2619 2603 2591 2575 2550 2534 2515 2500 2475 2466 2440 2413 2383 2371 2352 2326 2303 2282 2262 2247 2230 2212 2200 2193 2185 2175 2165 2156 2148 2141 2139 2137 2132 2127 2131 2132 2139 2146 2152 2158 2165 2173 2181 2190 2193 2207 2232 2255 2278 2282 2271 2272 2289 2298 2313 2322 2331
2651 2658 2667 2680 2698 2713 2736 2738 2729 2714 2699 2687 2682 2680 2679 2680 2680 2672 2662 2657 2654 2651 2648 2649 2652 2647 2638 2624 2611 2601 2576 2569 2537 2516 2501 2490 2468 2442 2410 2401 2379 2354 2332 2311 2281 2255 2238 2227 2209 2189 2175 2170 2163 2153 2145 2138 2135 2130 2128 2124 2119 2119 2127 2135 2141 2145 2149 2155 2161 2168 2174 2177 2188 2210 2230 2248 2245 2243 2269 2281 2285 2291 2291 2289
2660 2669 2678 2692 2713 2734 2762 2754 2737 2723 2711 2702 2694 2691 2695 2694 2691 2680 2671 2660 2657 2654 2652 2655 2659 2655 2646 2636 2624 2607 2600 2577 2545 2522 2506 2488 2470 2445 2418 2389 2357 2333 2316 2299 2276 2251 2231 2222 2209 2193 2176 2162 2151 2145 2139 2134 2130 2125 2120 2118 2117 2119 2125 2131 2134 2137 2140 2145 2149 2155 2162 2165 2174 2187 2207 2211 2223 2254 2262 2265 2266 2265 2262 2268
2668 2678 2691 2705 2719 2758 2779 2763 2751 2737 2725 2717 2708 2704 2706 2705 2701 2690 2681 2670 2663 2659 2657 2657 2660 2662 2653 2643 2633 2629 2608 2575 2573 2526 2496 2480 2465 2433 2399 2369 2355 2346 2332 2311 2303 2262 2237 2214 2204 2192 2177 2162 2149 2139 2135 2131 2126 2122 2118 2116 2115 2118 2121 2125 2128 2131 2133 2135 2138 2145 2151 2155 2162 2173 2180 2199 2216 2233 2234 2243 2243 2240 2251 2269
2677 2690 2704 2721 2743 2781 2788 2778 2764 2753 2740 2731 2722 2715 2715 2713 2708 2701 2692 2683 2676 2669 2666 2664 2665 2662 2654 2646 2642 2640 2604 2611 2574 2532 2504 2480 2461 2430 2398 2397 2394 2372 2348 2327 2306 2284 2246 2215 2196 2184 2173 2162 2153 2143 2136 2130 2125 2120 2118 2115 2113 2115 2117 2119 2121 2123 2125 2129 2133 2137 2141 2146 2155 2163 2169 2180 2195 2209 2215 2219 2223 2236 2254 2278
2687 2697 2710 2731 2776 2803 2803 2795 2777 2769 2756 2743 2733 2725 2723 2720 2716 2709 2702 2693 2687 2681 2674 2673 2669 2661 2655 2651 2651 2651 2642 2609 2573 2533 2502 2481 2452 2435 2431 2424 2403 2371 2346 2321 2307 2282 2248 2219 2196 2179 2170 2160 2151 2143 2136 2130 2125 2120 2117 2114 2112 2112 2114 2114 2116 2117 2119 2123 2127 2132 2135 2140 2148 2153 2158 2166 2177 2190 2202 2208 2224 2246 2265 2284
