data/raster_test2.txt
ncols         280
nrows         240
xllcorner     665988
yllcorner     140988
cellsize      25
NODATA_value  -9999
[rows 0 to 37 of 240, columns 84 to 167 of 280]
2605 2613 2618 2613 2608 2604 2600 2596 2596 2597 2600 2606 2608 2607 2606 2603 2606 2611 2610 2609 2612 2612 2613 2609 2604 2603 2603 2598 2589 2582 2576 2568 2560 2547 2535 2528 2521 2513 2506 2499 2493 2487 2482 2477 2470 2462 2454 2446 2437 2427 2416 2404 2394 2385 2372 2358 2347 2329 2313 2298 2287 2278 2270 2260 2248 2236 2225 2211 2204 2195 2186 2179 2167 2158 2153 2146 2139 2133 2128 2124 2120 2117 2114 2110
2601 2609 2609 2606 2598 2593 2589 2588 2585 2585 2588 2591 2592 2593 2593 2590 2595 2600 2601 2600 2597 2597 2598 2595 2590 2585 2583 2581 2573 2567 2561 2557 2548 2537 2529 2522 2514 2507 2499 2493 2486 2480 2473 2466 2459 2452 2444 2436 2428 2419 2408 2395 2385 2374 2359 2349 2336 2315 2299 2287 2275 2266 2256 2245 2234 2224 2214 2204 2192 2183 2175 2167 2157 2147 2141 2137 2133 2128 2123 2119 2115 2112 2108 2104
2599 2602 2601 2597 2589 2582 2578 2576 2574 2573 2572 2574 2576 2578 2581 2579 2578 2578 2582 2588 2586 2584 2582 2579 2578 2573 2565 2560 2555 2551 2546 2542 2537 2532 2526 2520 2510 2501 2493 2486 2480 2472 2465 2456 2448 2441 2434 2427 2419 2410 2401 2388 2375 2362 2351 2342 2323 2304 2289 2275 2264 2253 2243 2233 2222 2212 2203 2193 2182 2171 2163 2157 2148 2139 2133 2128 2127 2123 2118 2114 2109 2107 2107 2107
2597 2594 2590 2582 2576 2571 2567 2564 2562 2560 2557 2557 2559 2562 2564 2570 2565 2560 2563 2570 2573 2571 2569 2568 2566 2561 2555 2548 2541 2536 2533 2531 2528 2524 2520 2511 2503 2494 2485 2478 2471 2464 2456 2447 2439 2432 2424 2417 2409 2401 2386 2375 2367 2355 2345 2331 2311 2294 2281 2267 2253 2242 2232 2222 2211 2199 2190 2180 2171 2160 2153 2147 2140 2135 2129 2123 2121 2118 2114 2113 2114 2112 2112 2112
2585 2582 2578 2574 2568 2562 2556 2552 2547 2543 2541 2541 2542 2546 2550 2558 2556 2544 2541 2551 2556 2557 2558 2558 2555 2549 2542 2537 2532 2525 2523 2520 2516 2512 2507 2501 2494 2485 2477 2468 2461 2453 2444 2435 2427 2419 2412 2402 2395 2388 2375 2367 2359 2349 2338 2319 2301 2288 2273 2258 2244 2230 2220 2210 2199 2188 2177 2169 2159 2150 2143 2138 2135 2131 2127 2122 2118 2117 2117 2118 2118 2117 2117 2118
2569 2566 2561 2558 2556 2552 2545 2540 2538 2534 2529 2529 2527 2529 2537 2538 2534 2529 2526 2532 2539 2543 2549 2551 2547 2542 2533 2523 2517 2513 2509 2505 2501 2497 2493 2487 2481 2476 2467 2457 2450 2442 2433 2423 2415 2407 2400 2390 2383 2377 2367 2358 2350 2341 2327 2309 2294 2278 2261 2245 2234 2223 2209 2196 2187 2177 2168 2158 2149 2140 2137 2133 2130 2126 2122 2121 2121 2119 2123 2126 2125 2125 2126 2129
2555 2550 2546 2542 2540 2538 2534 2535 2532 2526 2521 2516 2514 2516 2515 2513 2511 2510 2511 2517 2524 2533 2540 2544 2541 2535 2525 2515 2507 2500 2494 2491 2484 2480 2477 2475 2471 2466 2457 2447 2439 2432 2423 2415 2408 2401 2390 2379 2374 2368 2358 2349 2341 2331 2316 2301 2282 2266 2250 2237 2224 2212 2199 2189 2179 2167 2156 2148 2139 2136 2132 2129 2125 2126 2127 2127 2127 2126 2130 2134 2134 2134 2137 2142
2544 2538 2535 2532 2530 2528 2523 2525 2525 2520 2513 2508 2502 2500 2499 2498 2497 2497 2500 2506 2514 2522 2529 2535 2535 2527 2517 2507 2498 2491 2484 2478 2473 2468 2461 2462 2460 2455 2446 2437 2430 2423 2415 2408 2401 2390 2379 2373 2366 2359 2349 2341 2332 2322 2305 2287 2270 2256 2240 2229 2217 2200 2190 2180 2169 2158 2147 2139 2137 2133 2129 2130 2130 2130 2132 2132 2133 2133 2138 2143 2145 2145 2150 2157
2536 2533 2528 2524 2519 2518 2514 2514 2516 2515 2509 2502 2496 2492 2491 2490 2489 2492 2495 2498 2503 2509 2516 2524 2529 2521 2510 2500 2489 2483 2476 2469 2464 2459 2451 2451 2447 2442 2435 2429 2422 2414 2406 2399 2392 2382 2373 2366 2359 2350 2341 2333 2323 2309 2291 2276 2263 2248 2232 2220 2206 2193 2181 2170 2160 2147 2139 2136 2134 2131 2134 2135 2134 2135 2136 2137 2139 2142 2147 2152 2155 2158 2168 2179
2532 2527 2524 2521 2520 2520 2519 2516 2511 2505 2502 2498 2493 2489 2484 2482 2483 2487 2491 2494 2496 2498 2507 2518 2522 2520 2504 2492 2482 2474 2469 2461 2454 2448 2442 2438 2435 2431 2426 2420 2412 2404 2396 2389 2382 2375 2367 2359 2350 2341 2333 2324 2310 2297 2282 2267 2256 2239 2225 2211 2197 2183 2172 2160 2148 2139 2137 2135 2135 2137 2139 2141 2138 2139 2143 2150 2153 2156 2157 2162 2166 2173 2183 2198
2532 2529 2526 2524 2523 2523 2522 2522 2519 2504 2500 2496 2491 2486 2481 2481 2480 2483 2487 2489 2491 2494 2497 2503 2513 2512 2499 2490 2480 2469 2461 2452 2442 2437 2431 2427 2423 2420 2415 2407 2398 2392 2386 2379 2372 2365 2357 2350 2341 2332 2324 2313 2299 2288 2272 2258 2246 2232 2217 2202 2186 2174 2163 2153 2139 2138 2138 2139 2139 2145 2149 2149 2148 2155 2163 2171 2173 2174 2174 2174 2177 2186 2199 2213
2535 2532 2529 2527 2526 2526 2524 2521 2515 2504 2497 2492 2488 2483 2479 2476 2478 2480 2481 2483 2487 2490 2493 2497 2503 2510 2501 2489 2478 2465 2454 2444 2435 2429 2423 2416 2412 2407 2400 2395 2389 2383 2376 2369 2362 2355 2348 2341 2332 2324 2314 2303 2291 2279 2262 2248 2236 2222 2206 2191 2176 2166 2156 2147 2143 2143 2144 2147 2151 2157 2158 2159 2161 2172 2185 2191 2193 2195 2194 2191 2195 2201 2217 2227
2539 2534 2531 2530 2529 2527 2525 2522 2518 2509 2500 2493 2486 2481 2476 2473 2473 2474 2474 2478 2483 2486 2488 2492 2496 2502 2501 2489 2475 2460 2448 2438 2429 2421 2415 2407 2400 2394 2389 2384 2379 2373 2366 2359 2352 2345 2338 2332 2323 2314 2304 2292 2280 2267 2252 2238 2224 2211 2194 2179 2169 2159 2150 2145 2149 2150 2154 2157 2167 2174 2176 2179 2178 2190 2203 2216 2219 2219 2215 2211 2219 2224 2232 2242
2540 2535 2532 2532 2531 2529 2528 2522 2519 2509 2501 2491 2485 2479 2474 2470 2469 2468 2469 2473 2480 2481 2483 2487 2492 2497 2500 2489 2476 2459 2447 2434 2424 2413 2404 2396 2390 2383 2378 2373 2368 2362 2356 2349 2341 2336 2329 2323 2314 2306 2294 2280 2267 2254 2241 2227 2213 2200 2183 2169 2160 2153 2149 2151 2155 2158 2165 2177 2186 2192 2195 2197 2198 2213 2227 2239 2240 2237 2232 2230 2236 2241 2248 2259
2542 2536 2534 2534 2535 2533 2532 2526 2520 2517 2506 2493 2484 2475 2469 2468 2467 2466 2467 2469 2471 2477 2479 2482 2487 2493 2495 2488 2480 2462 2449 2434 2421 2406 2395 2387 2380 2373 2368 2363 2358 2350 2344 2338 2334 2329 2322 2314 2306 2295 2280 2266 2253 2242 2229 2216 2203 2189 2169 2157 2153 2153 2155 2156 2159 2172 2182 2192 2201 2208 2212 2215 2222 2240 2249 2255 2256 2256 2250 2250 2254 2260 2264 2275
2539 2535 2536 2536 2537 2537 2534 2534 2539 2535 2514 2496 2483 2473 2469 2468 2467 2467 2465 2465 2465 2469 2473 2478 2485 2489 2490 2486 2480 2468 2456 2439 2419 2398 2386 2378 2370 2364 2359 2353 2345 2339 2335 2331 2326 2321 2314 2306 2297 2280 2265 2253 2243 2230 2218 2207 2190 2169 2158 2158 2158 2159 2162 2164 2170 2182 2196 2209 2218 2225 2229 2235 2244 2271 2275 2279 2279 2275 2270 2269 2272 2279 2284 2291
2537 2537 2538 2538 2539 2539 2543 2544 2547 2542 2529 2512 2497 2478 2469 2469 2468 2468 2465 2462 2461 2464 2468 2476 2481 2484 2485 2483 2479 2468 2455 2440 2412 2391 2377 2368 2360 2354 2348 2341 2337 2333 2329 2324 2320 2315 2307 2300 2289 2271 2254 2244 2232 2218 2209 2198 2175 2161 2162 2165 2168 2170 2172 2175 2183 2192 2211 2225 2232 2242 2250 2259 2269 2287 2303 2302 2298 2294 2290 2289 2295 2300 2302 2308
2538 2539 2542 2543 2547 2549 2551 2554 2556 2557 2542 2515 2496 2482 2472 2469 2468 2468 2465 2462 2460 2458 2464 2470 2476 2480 2480 2475 2468 2461 2451 2433 2399 2384 2371 2359 2353 2346 2340 2335 2332 2329 2324 2320 2315 2310 2305 2296 2286 2271 2251 2234 2220 2210 2201 2177 2170 2173 2175 2176 2178 2180 2183 2187 2204 2232 2243 2242 2249 2259 2270 2285 2303 2309 2322 2317 2311 2309 2307 2308 2311 2315 2317 2324
2542 2546 2549 2550 2554 2558 2560 2563 2563 2560 2540 2521 2510 2494 2479 2469 2469 2468 2466 2465 2462 2457 2458 2461 2465 2470 2471 2467 2460 2448 2436 2420 2395 2380 2361 2353 2346 2340 2336 2331 2327 2324 2320 2315 2310 2305 2300 2293 2284 2268 2243 2224 2210 2201 2179 2174 2180 2185 2188 2190 2192 2197 2200 2209 2240 2259 2263 2260 2266 2284 2298 2308 2326 2338 2340 2332 2323 2321 2321 2324 2328 2328 2331 2336
2548 2550 2554 2558 2563 2567 2570 2571 2567 2561 2547 2536 2516 2497 2481 2475 2473 2469 2469 2469 2464 2457 2449 2452 2455 2458 2459 2457 2449 2438 2424 2403 2389 2374 2357 2349 2340 2336 2332 2327 2322 2320 2316 2310 2305 2300 2293 2286 2277 2262 2235 2219 2200 2179 2179 2185 2190 2196 2199 2203 2208 2216 2225 2252 2271 2279 2284 2285 2289 2302 2318 2335 2342 2348 2353 2347 2337 2337 2338 2340 2341 2342 2345 2350
2553 2555 2559 2567 2574 2577 2578 2573 2567 2569 2560 2542 2515 2498 2489 2484 2479 2480 2478 2473 2464 2457 2450 2443 2444 2446 2445 2442 2435 2427 2410 2393 2379 2366 2355 2345 2338 2332 2328 2323 2318 2313 2309 2305 2300 2293 2286 2277 2265 2243 2226 2201 2189 2191 2197 2204 2210 2214 2218 2221 2227 2237 2266 2287 2293 2297 2302 2315 2316 2318 2340 2353 2354 2357 2363 2367 2358 2357 2356 2355 2355 2355 2357 2363
2557 2560 2571 2578 2582 2587 2580 2580 2583 2578 2563 2546 2519 2511 2500 2489 2498 2496 2492 2481 2465 2455 2450 2445 2439 2430 2431 2430 2424 2412 2397 2384 2371 2359 2351 2341 2335 2330 2325 2320 2315 2308 2303 2298 2291 2284 2276 2264 2249 2228 2206 2194 2198 2206 2213 2219 2225 2231 2235 2240 2254 2275 2304 2304 2307 2313 2321 2331 2339 2342 2362 2364 2365 2367 2374 2380 2391 2380 2372 2369 2369 2369 2372 2376
2565 2573 2582 2589 2591 2594 2593 2599 2582 2571 2558 2545 2531 2518 2503 2504 2506 2506 2495 2481 2464 2452 2446 2441 2438 2428 2417 2416 2413 2399 2388 2377 2366 2355 2346 2338 2332 2327 2322 2315 2310 2304 2297 2287 2281 2271 2261 2242 2225 2209 2200 2210 2219 2223 2229 2235 2241 2248 2259 2278 2299 2323 2325 2321 2324 2327 2335 2345 2358 2364 2370 2373 2374 2379 2391 2399 2403 2395 2383 2383 2383 2388 2391 2393
2575 2584 2593 2600 2600 2600 2600 2595 2584 2574 2558 2545 2532 2521 2506 2516 2514 2511 2509 2481 2460 2451 2441 2434 2430 2426 2421 2407 2394 2391 2379 2370 2359 2352 2345 2337 2331 2324 2318 2311 2305 2299 2288 2278 2267 2253 2233 2219 2210 2212 2221 2232 2239 2242 2245 2251 2257 2276 2296 2328 2342 2343 2343 2339 2339 2341 2349 2358 2367 2374 2379 2383 2387 2398 2406 2410 2412 2403 2398 2399 2401 2403 2407 2408
2585 2595 2600 2601 2601 2601 2600 2595 2585 2576 2564 2550 2534 2517 2517 2521 2525 2523 2515 2487 2466 2452 2441 2432 2424 2418 2410 2399 2388 2377 2372 2363 2355 2348 2342 2336 2330 2324 2318 2307 2300 2288 2277 2267 2253 2233 2218 2222 2228 2233 2242 2247 2253 2257 2261 2275 2302 2323 2347 2359 2363 2363 2362 2360 2356 2357 2363 2369 2375 2383 2390 2398 2401 2407 2414 2420 2419 2419 2416 2417 2419 2418 2420 2421
2600 2600 2601 2601 2601 2600 2599 2590 2580 2568 2557 2544 2530 2518 2526 2533 2536 2534 2520 2494 2470 2455 2441 2431 2422 2409 2399 2390 2380 2371 2361 2357 2350 2343 2338 2334 2329 2323 2316 2302 2292 2278 2269 2257 2238 2225 2232 2241 2247 2252 2258 2263 2268 2274 2279 2308 2335 2358 2368 2374 2379 2386 2381 2374 2367 2370 2375 2380 2387 2394 2400 2405 2410 2414 2421 2426 2429 2429 2429 2429 2430 2432 2434 2436
2601 2601 2601 2600 2600 2596 2586 2578 2571 2559 2550 2542 2528 2528 2536 2541 2542 2531 2520 2488 2480 2456 2441 2428 2417 2405 2394 2384 2372 2362 2356 2346 2341 2337 2333 2329 2324 2321 2310 2295 2280 2271 2262 2244 2231 2235 2248 2256 2263 2267 2272 2277 2284 2294 2318 2351 2369 2379 2387 2395 2402 2402 2395 2383 2380 2383 2391 2397 2402 2405 2408 2412 2417 2424 2427 2433 2437 2440 2440 2441 2444 2446 2450 2452
2599 2600 2600 2597 2589 2580 2576 2572 2560 2553 2545 2538 2536 2540 2544 2548 2545 2525 2518 2508 2486 2462 2443 2427 2413 2400 2389 2379 2367 2357 2351 2346 2338 2333 2327 2323 2319 2312 2297 2282 2272 2262 2246 2237 2236 2247 2261 2267 2273 2280 2287 2295 2307 2335 2363 2378 2388 2397 2403 2407 2410 2411 2410 2397 2394 2398 2405 2407 2412 2413 2416 2419 2428 2435 2440 2441 2444 2448 2450 2453 2458 2464 2468 2471
2596 2596 2589 2585 2579 2572 2569 2566 2560 2550 2542 2542 2544 2547 2550 2554 2546 2542 2536 2511 2487 2466 2443 2426 2411 2397 2384 2371 2359 2353 2346 2341 2336 2331 2326 2320 2308 2302 2295 2278 2263 2255 2239 2238 2246 2261 2269 2277 2284 2293 2303 2317 2340 2363 2383 2397 2405 2409 2413 2417 2420 2423 2424 2412 2408 2412 2417 2418 2421 2424 2429 2436 2444 2445 2448 2450 2454 2456 2460 2468 2476 2483 2485 2486
2589 2588 2586 2582 2579 2571 2563 2560 2556 2548 2554 2555 2554 2554 2557 2559 2555 2559 2552 2523 2497 2475 2460 2429 2411 2397 2384 2371 2359 2351 2344 2337 2330 2326 2321 2316 2307 2288 2278 2262 2253 2248 2244 2248 2262 2269 2277 2287 2297 2308 2321 2342 2363 2384 2402 2413 2416 2419 2427 2431 2435 2441 2437 2429 2424 2424 2428 2429 2432 2439 2443 2448 2451 2454 2455 2459 2465 2469 2476 2484 2492 2498 2498 2496
2587 2585 2583 2581 2575 2567 2563 2561 2555 2559 2565 2559 2563 2564 2564 2565 2565 2569 2560 2541 2502 2477 2458 2430 2416 2400 2386 2373 2361 2352 2343 2335 2326 2320 2314 2309 2302 2289 2272 2261 2258 2256 2255 2263 2271 2278 2288 2298 2310 2322 2336 2354 2383 2400 2415 2424 2426 2430 2438 2447 2450 2453 2447 2443 2437 2433 2437 2441 2447 2450 2455 2458 2461 2463 2465 2470 2477 2485 2492 2500 2506 2506 2502 2501
2588 2587 2587 2580 2576 2576 2571 2570 2567 2574 2579 2573 2574 2577 2574 2574 2577 2580 2568 2547 2516 2485 2458 2442 2424 2405 2390 2376 2364 2353 2342 2333 2325 2316 2308 2302 2292 2278 2270 2266 2265 2261 2265 2272 2280 2288 2298 2310 2323 2338 2351 2369 2399 2413 2423 2430 2435 2439 2450 2460 2461 2463 2461 2455 2449 2446 2449 2456 2461 2464 2467 2469 2472 2475 2476 2479 2492 2500 2507 2513 2518 2509 2504 2505
2590 2591 2587 2584 2586 2582 2578 2579 2586 2593 2595 2590 2595 2598 2582 2584 2588 2588 2575 2552 2526 2482 2468 2442 2424 2405 2391 2378 2369 2354 2338 2330 2322 2315 2308 2300 2287 2278 2275 2273 2273 2273 2272 2280 2288 2299 2310 2323 2338 2353 2367 2388 2409 2422 2427 2435 2442 2446 2454 2464 2468 2471 2471 2465 2461 2460 2462 2468 2474 2478 2479 2485 2488 2488 2489 2490 2503 2512 2521 2523 2521 2511 2507 2508
2594 2589 2589 2592 2594 2594 2591 2596 2602 2606 2606 2603 2613 2612 2597 2600 2600 2599 2585 2560 2515 2504 2478 2454 2429 2407 2393 2385 2373 2355 2344 2334 2324 2316 2307 2299 2290 2286 2282 2280 2280 2283 2281 2288 2296 2307 2321 2335 2351 2372 2385 2404 2419 2431 2437 2440 2447 2454 2459 2466 2475 2480 2480 2476 2473 2472 2475 2480 2487 2501 2501 2502 2503 2502 2503 2504 2511 2520 2526 2530 2519 2511 2512 2514
2596 2593 2594 2596 2599 2606 2605 2610 2614 2617 2615 2617 2627 2622 2614 2613 2612 2605 2594 2566 2533 2516 2486 2465 2430 2413 2400 2391 2374 2359 2350 2339 2328 2317 2310 2301 2300 2292 2291 2290 2290 2290 2291 2296 2305 2317 2331 2349 2367 2388 2402 2413 2425 2437 2445 2448 2455 2463 2467 2470 2477 2484 2491 2490 2486 2485 2486 2492 2500 2507 2508 2512 2516 2519 2518 2518 2517 2529 2536 2528 2518 2517 2519 2522
2598 2596 2598 2603 2611 2619 2620 2620 2626 2628 2625 2635 2639 2627 2629 2626 2618 2608 2599 2571 2546 2517 2489 2463 2435 2421 2409 2393 2377 2365 2353 2341 2332 2323 2315 2310 2305 2298 2300 2301 2300 2299 2300 2309 2317 2331 2340 2359 2384 2401 2415 2426 2434 2442 2450 2457 2462 2469 2476 2478 2482 2490 2497 2503 2500 2496 2496 2500 2506 2513 2518 2523 2530 2543 2543 2534 2532 2534 2544 2537 2524 2524 2526 2530
2602 2600 2606 2613 2622 2626 2629 2631 2636 2639 2636 2641 2640 2640 2640 2633 2619 2609 2596 2573 2554 2519 2488 2460 2439 2428 2412 2394 2382 2371 2361 2350 2338 2330 2322 2318 2312 2307 2308 2309 2308 2307 2310 2318 2330 2345 2359 2370 2386 2406 2424 2434 2443 2451 2457 2464 2471 2476 2483 2489 2492 2499 2507 2512 2508 2508 2508 2509 2513 2520 2529 2537 2552 2564 2560 2557 2548 2547 2552 2540 2535 2534 2535 2538
2609 2610 2613 2620 2628 2634 2637 2640 2641 2642 2642 2644 2645 2645 2641 2632 2621 2605 2589 2571 2542 2510 2486 2464 2448 2434 2417 2401 2389 2383 2371 2355 2343 2334 2330 2326 2319 2316 2316 2316 2316 2316 2322 2331 2344 2358 2377 2390 2403 2418 2421 2441 2450 2459 2464 2469 2477 2484 2490 2496 2503 2512 2522 2521 2520 2519 2519 2518 2522 2528 2538 2552 2559 2577 2585 2572 2565 2562 2563 2554 2549 2546 2545 2549
